2.25306189808	1.68268958357	0.87857750082	0.478545433902	0.329191422491	0.255364790226	0.354953413243	0.367265036854	0.453693676698	0.652188225167	0.618206688158	0.416487588587	0.584607695271	0.536040001944	0.249421222578	0.253589513335	0.373884669342	0.385488892169	0.720291970592	0.587220437505	0.957394995896	0.93845186714	0.675400056529	1.16610004273	0.872712010745	0.673403052969	0.510724336801	0.485534994005	0.609177555371	0.459793244709	1.00716377233	1.10229299581	1.58623201365	2.31695048507	2.20744510561	2.48292309153	3.04932178626	3.01420321845	2.79939027346	2.73928465897	2.89302707461	2.3342508378	2.90264316466	3.03787527104	2.78598856519	1.48886634986	0.869458272917	0.543233081247	0.767571026038	0.542232487648
1.68268958357	1.9844759811	0.958367040812	0.544672388831	0.459481894639	0.375439856845	0.34168811707	0.568930697067	0.714123328843	0.536550960092	0.680958696724	0.638710408337	0.456245167694	0.68587633501	0.426585493883	0.270242164435	0.297720492217	0.562046471073	0.833555264401	0.826747234885	0.902440091737	1.03121815559	1.1813304098	1.034604639	0.977678022449	0.854441191032	0.509466064039	0.890464983729	0.99090086875	1.19292039677	0.835348447332	1.22647553645	2.04570728652	2.31299916635	2.95387634348	2.96054559943	3.17257014555	2.74078433015	2.69777965818	3.06521073462	3.0757246814	2.74612503575	2.75674393587	3.38516472717	2.67691649538	2.34892872074	1.17987313757	0.58163602238	0.62598746838	0.524355607188
0.87857750082	0.958367040812	1.32547693951	1.12614927267	1.13809400485	1.22711374119	0.891809049962	1.04404716268	1.2348568308	1.01931011409	0.909608977685	1.10198308943	1.0169084153	0.857131166318	0.661614560111	0.590346326272	0.653097397214	0.82244019221	0.902852321457	1.12171989207	1.29635041238	1.35726934041	1.34547038221	1.78139639888	1.21541630422	1.12326552065	1.01123441063	0.849722284571	1.61968011688	1.52440055704	1.1858127525	1.94315095054	2.92629034537	3.27615215559	3.54339546842	2.67565693371	2.75874362826	2.68162390326	2.59129403394	2.76919624073	2.61401640594	2.5249068999	3.11922117064	3.1758148226	2.51707689338	2.36757718963	1.38554986165	1.04580345413	0.744977742235	0.736966851034
0.478545433902	0.544672388831	1.12614927267	1.28907412052	1.28897708443	1.08777076703	0.966139565541	0.95628306273	1.14206736124	1.05150847194	0.933519893087	0.861323925561	1.04866032564	0.842062670949	0.837265080002	0.6636587065	0.779233645944	0.910032722786	0.767280917587	1.06976858893	1.12703272647	1.06947979418	1.17330573979	1.31621038397	1.51216695964	1.12409499396	0.914819581131	1.34661133851	1.5855355996	1.71868545422	1.70614700441	2.08627473025	2.48340002991	2.3629475958	2.21935657649	2.16204051023	2.1979389589	2.09517839382	1.81430340451	2.27239983945	1.82286378285	2.38972028047	2.33259235688	2.45776975779	2.53907847921	2.31408876159	1.99864355933	1.16959166273	1.06030566695	1.12712652429
0.329191422491	0.459481894639	1.13809400485	1.28897708443	1.22467178529	1.02812338923	0.916578167675	0.96422906763	1.16158762788	0.993382369182	0.975960345054	0.896818171416	1.02398507618	0.921521667803	0.785019431806	0.892326449891	0.949143206547	0.947141695684	1.07870911126	0.966097321022	1.17245578777	1.28381661208	1.10321546612	1.24923464824	1.15051828859	1.48888818156	1.27402681621	1.43133870212	1.65124898424	1.8785023919	1.93909560925	2.16686968801	2.24889331323	2.35775185965	1.69851518192	1.70829412004	1.27374220804	1.20419662432	1.55417068461	1.67741772691	1.2067864683	1.75084955415	1.17424899255	1.62224196603	1.89313767914	1.60643278355	1.97398866622	1.34293792285	1.47102723294	1.36405968502
0.255364790226	0.375439856845	1.22711374119	1.08777076703	1.02812338923	1.24838052511	1.27894282669	1.01701444022	1.32353810133	0.853719324951	0.632838446911	0.659898472232	0.669809187591	0.769248961946	1.22073127603	1.00131698896	0.944645158527	0.98952956049	0.991342455349	0.856524081716	0.683929969367	0.745814511329	0.853012549593	0.86979340589	1.03707161316	1.51646585288	1.81369391076	1.421644905	1.49123580735	1.89901322819	2.11405350361	1.75460621567	1.79007047032	0.964742211589	0.765459344799	1.03204000147	0.826108455919	0.939198161983	0.821169578336	0.802708113116	0.876462228427	0.857112661211	1.10583880136	0.807902956232	1.25779201664	1.35427865477	2.03042024836	1.46188676513	1.13661099606	1.92691447407
0.354953413243	0.34168811707	0.891809049962	0.966139565541	0.916578167675	1.27894282669	1.26609870992	1.02071485452	1.26696553107	0.827542852545	0.693518068803	0.797733575221	0.788533301333	0.78498212707	1.22915455245	1.13126405146	0.862146825459	1.16739148196	1.00524440812	0.90889898853	0.875903042996	0.86117817682	0.718964452196	1.08141159421	1.11006247014	1.60394360276	1.40447803357	1.75032693295	1.60605360949	1.72340223455	1.98934080489	1.68446556902	1.37870258349	1.53139369243	1.09519664502	1.08253706905	1.21934091855	0.918431162122	0.877596438858	0.803473129864	0.708441520826	1.25395034267	1.04414850156	0.895235596491	1.26217085076	1.7670716612	1.90977880361	1.62980497838	1.73049991995	2.08444342652
0.367265036854	0.568930697067	1.04404716268	0.95628306273	0.96422906763	1.01701444022	1.02071485452	1.31831979768	1.22871157374	0.729060679884	0.64665518902	0.706826110525	0.753166574777	0.861436871809	1.09209886911	0.818227919575	0.944802185278	1.01458615169	0.766965199759	0.798272604966	0.92159039807	1.09716528524	0.863783814738	1.16808261372	1.18625105282	1.36651036101	1.64951836249	2.0162398504	1.36613085219	1.43950817041	1.6482284508	2.03138172195	2.15453551171	1.50091314664	1.0456938668	1.35984857008	1.18345126533	1.3122229295	1.04679998428	1.19733075579	1.27224501154	1.33453218302	0.916107284913	1.04649226	1.43316736803	1.20635091957	2.18684107289	1.5008269591	1.3064532841	1.40419340956
0.453693676698	0.714123328843	1.2348568308	1.14206736124	1.16158762788	1.32353810133	1.26696553107	1.22871157374	1.21139983191	0.861945901003	0.778514017912	0.779331873742	0.861180105857	1.05332814679	0.942435253186	0.680248782289	0.814115603381	1.03009348212	0.827232426241	0.667978654561	0.847592968151	0.995847529642	1.21022665499	1.15802384287	1.20397786626	1.3728920973	1.25387124152	1.5790913531	1.5695496235	1.50285168441	1.89509744352	1.86578970307	1.59851447369	1.59362006762	1.11253804009	1.26743383654	0.980600201061	0.912512375193	1.38036134578	1.27994549656	0.971300870857	1.02765262467	1.36304334497	0.758121212852	1.51480032688	1.65893747505	2.14041772101	1.37304705186	1.32029674189	1.38172844574
0.652188225167	0.536550960092	1.01931011409	1.05150847194	0.993382369182	0.853719324951	0.827542852545	0.729060679884	0.861945901003	1.28285717998	0.901255756827	0.964194118076	1.01605963762	1.08735705589	1.19756125598	0.74044138488	0.715570421755	0.941115317226	0.864045093329	0.977403159497	1.06649242434	1.16559096301	1.27882248986	1.52283789906	1.5904974034	1.41159865962	1.01633487926	1.59851561661	1.38858018447	1.45819241742	1.52890107123	1.82012770811	2.34460632978	1.85664228186	1.36277474987	1.19137583197	1.38516442722	1.40803445109	1.60056900208	1.34580253533	1.35715677594	1.64675164668	1.3956843175	1.67858450998	2.08201328592	2.13070254031	1.83345459743	0.945576875049	1.36892424424	1.09736242827
0.618206688158	0.680958696724	0.909608977685	0.933519893087	0.975960345054	0.632838446911	0.693518068803	0.64665518902	0.778514017912	0.901255756827	1.26838603622	1.05591415555	1.01892358417	1.21231583591	0.944076993554	0.718168629473	0.836929285508	0.984976928388	0.896451460828	0.795270107918	1.03709366424	1.18333620688	1.48785567847	1.53810997488	1.79603176154	1.54113686099	1.21899704807	1.68834007725	1.50656307815	1.83802426612	1.4183929865	2.12806436493	1.90784489071	1.80478453447	1.554883109	1.37321504004	1.63608083946	1.62713899926	1.57798354722	1.6393406781	1.23893300743	1.44159416442	1.73473094042	1.47825705385	2.01040131696	1.65013130512	1.63843017485	1.63013694241	1.19731330437	1.28464980134
0.416487588587	0.638710408337	1.10198308943	0.861323925561	0.896818171416	0.659898472232	0.797733575221	0.706826110525	0.779331873742	0.964194118076	1.05591415555	1.21639312754	1.01600854984	1.12280388596	1.19577642249	0.80464569871	0.838466551678	0.957415262036	0.815253063132	0.840564782092	0.971125470851	1.03977373139	1.49348358982	1.340487699	1.47716955305	1.81565446828	1.21232873972	1.42971163559	1.34625644922	1.44248854225	1.66359845211	1.81402660119	1.57170869815	1.53858188114	1.51370872335	1.12272375988	1.33757748553	0.951013564839	0.930282941891	1.16401734766	1.01961722889	1.36231611297	1.44759541255	1.67659400846	1.72927134532	1.82193835334	1.29656134944	1.1387964376	1.09045949414	1.32766783087
0.584607695271	0.456245167694	1.0169084153	1.04866032564	1.02398507618	0.669809187591	0.788533301333	0.753166574777	0.861180105857	1.01605963762	1.01892358417	1.01600854984	1.22136384795	1.10083506954	0.944052260696	0.732966628205	0.789625471019	0.900891570612	0.80960612257	0.724355515472	0.787608029552	1.1705788165	1.08040278391	1.11238195513	1.34224206118	1.59334767694	1.38634499583	1.78978312015	1.63140308751	1.33179776455	1.57911538506	1.72175523853	1.85252845824	1.62173485048	1.1644470478	0.944208059069	0.955133609247	0.939481841445	1.49891674225	1.01197003965	1.73112895656	1.47986157876	1.03359910554	1.5186126902	1.89283790649	1.692167392	1.73037006239	1.47510193068	1.18667589053	1.44817290196
0.536040001944	0.68587633501	0.857131166318	0.842062670949	0.921521667803	0.769248961946	0.78498212707	0.861436871809	1.05332814679	1.08735705589	1.21231583591	1.12280388596	1.10083506954	1.27520592031	0.847112006041	0.703841991767	0.662330512036	0.768987995691	0.70842266334	0.72079264558	0.8361225293	0.808803273195	1.12128354148	1.18765035218	1.55253825437	1.33336200446	1.18222243622	1.50269942035	1.42070163607	1.70545331633	1.45934804287	1.44686101927	1.2652958274	1.52333690773	0.796637797768	1.04615146428	1.08156312204	1.24552988376	0.751274137085	1.21444977172	0.796481447225	0.891513123948	0.959661296228	1.30108361945	1.6616536253	1.6866819577	1.8167607931	1.57387413612	1.37591141538	1.1987005855
0.249421222578	0.426585493883	0.661614560111	0.837265080002	0.785019431806	1.22073127603	1.22915455245	1.09209886911	0.942435253186	1.19756125598	0.944076993554	1.19577642249	0.944052260696	0.847112006041	1.21300615622	1.09582631085	0.888286795491	1.04287821763	0.6855538696	0.652962027382	0.633068514871	0.698194882633	0.699435719743	0.868497821167	0.943659888687	1.4051180568	1.5671865508	1.57058303686	1.67364063968	1.4528488695	1.77420177705	1.38832982697	1.21220833405	0.753919386204	0.690537442927	0.534863380073	0.56597905343	0.524501411715	0.865449538762	0.669111542692	0.572106178589	0.731054368441	0.719645615233	0.740884424378	0.781356055772	1.41557535695	1.52488644562	1.9839789686	1.24904007373	1.16733829939
0.253589513335	0.270242164435	0.590346326272	0.6636587065	0.892326449891	1.00131698896	1.13126405146	0.818227919575	0.680248782289	0.74044138488	0.718168629473	0.80464569871	0.732966628205	0.703841991767	1.09582631085	1.17617168846	1.1429243695	1.46148656263	0.90872815245	0.675185464643	0.74648471841	0.749786333923	0.662204938259	0.818994006691	1.0346033036	1.55587757053	1.96992757225	1.62054997147	1.73609437936	1.92345439903	1.51195425143	1.57985059169	0.883172366973	0.791351175815	0.559565256125	0.563150403943	0.518470069283	0.428350561804	0.407457654752	0.466582615899	0.671166491534	0.484670711518	0.496707484308	0.665879311656	0.803718138038	1.35308071469	1.74958302642	1.32825407506	1.55325355467	1.53849773365
0.373884669342	0.297720492217	0.653097397214	0.779233645944	0.949143206547	0.944645158527	0.862146825459	0.944802185278	0.814115603381	0.715570421755	0.836929285508	0.838466551678	0.789625471019	0.662330512036	0.888286795491	1.1429243695	1.21798823124	1.21154899463	0.657848977873	0.575705949236	0.597792960264	0.628841929541	0.675433489726	0.797530946768	0.875124277629	1.58953903917	1.90138313872	1.81285612149	1.66196063567	1.78631984885	1.69957278716	1.33033693694	1.07383602788	0.897800991643	0.73098632136	0.457922736955	0.595884835373	0.582029513139	0.543195581435	0.765087036264	0.739417170052	0.612918026925	0.647195369394	0.699835608333	0.847459243979	1.31029030844	1.9820993109	1.59188537806	1.2028661497	1.43618518578
0.385488892169	0.562046471073	0.82244019221	0.910032722786	0.947141695684	0.98952956049	1.16739148196	1.01458615169	1.03009348212	0.941115317226	0.984976928388	0.957415262036	0.900891570612	0.768987995691	1.04287821763	1.46148656263	1.21154899463	1.09805756305	0.691897514694	0.584772248423	0.679504352834	0.672618420158	0.728484570205	0.870319163367	1.24204374049	1.89704943211	1.96183649652	2.0958684007	1.91330657958	1.83420796899	1.77527257718	1.40598694253	1.25929651083	0.826379064236	0.73092940597	0.660993553979	0.47293710966	0.640042664102	0.668305080608	0.71469922159	0.865515546592	0.700710384204	0.693288521785	0.73423660515	0.636708921887	1.21237527249	1.37055325742	1.86613781611	1.43572621135	1.22813812508
0.720291970592	0.833555264401	0.902852321457	0.767280917587	1.07870911126	0.991342455349	1.00524440812	0.766965199759	0.827232426241	0.864045093329	0.896451460828	0.815253063132	0.80960612257	0.70842266334	0.6855538696	0.90872815245	0.657848977873	0.691897514694	0.976852213888	1.03966542423	1.22672889878	1.13063357703	1.2463757669	1.41975024817	1.66371744722	3.2594166639	2.24492023741	2.09510494772	1.88658575943	1.79001409318	1.78696550317	1.49992518247	1.58081334343	0.98213115388	0.749938023585	0.887045826402	0.697131612572	0.856327325525	0.927489363863	0.854338846554	0.89382420498	0.819748733067	1.082699138	0.922919861257	1.12808314768	1.55588992495	1.72510972854	1.15408986789	1.20078309981	1.40236826096
0.587220437505	0.826747234885	1.12171989207	1.06976858893	0.966097321022	0.856524081716	0.90889898853	0.798272604966	0.667978654561	0.977403159497	0.795270107918	0.840564782092	0.724355515472	0.72079264558	0.652962027382	0.675185464643	0.575705949236	0.584772248423	1.03966542423	1.15035596317	0.974988356314	0.999647835483	0.984913282458	1.06631567501	1.40817415448	1.75373475443	1.38736990554	1.40597571274	1.33629692989	1.23736418863	1.23989434777	1.37889582015	1.34908190159	0.966778271208	0.865613322056	1.08418424129	0.861666740607	1.00809702234	0.879916070459	1.05345313847	1.15801982314	0.872963876084	1.18952830845	1.39563241895	1.67160271266	1.78840580503	1.63164658913	1.08161164608	1.20796978968	1.00945299764
0.957394995896	0.902440091737	1.29635041238	1.12703272647	1.17245578777	0.683929969367	0.875903042996	0.92159039807	0.847592968151	1.06649242434	1.03709366424	0.971125470851	0.787608029552	0.8361225293	0.633068514871	0.74648471841	0.597792960264	0.679504352834	1.22672889878	0.974988356314	1.14087913834	0.877040235308	0.948657841948	1.07843750123	1.27289834534	1.90570175472	0.992658273936	1.30472599274	1.12102938004	1.07519155089	1.22979233596	1.43384751788	1.2814323114	1.22852587696	1.13145750164	0.944420578415	0.921782912141	1.00662613084	1.07276282353	1.28653935891	1.23142342951	1.2054371929	1.25842739321	1.31084818214	1.61085535601	1.77029128203	1.44743223767	0.7930923151	0.814001778357	0.923138504268
0.93845186714	1.03121815559	1.35726934041	1.06947979418	1.28381661208	0.745814511329	0.86117817682	1.09716528524	0.995847529642	1.16559096301	1.18333620688	1.03977373139	1.1705788165	0.808803273195	0.698194882633	0.749786333923	0.628841929541	0.672618420158	1.13063357703	0.999647835483	0.877040235308	1.13675839775	0.972709275858	0.942846998246	1.30448866397	1.50113094151	0.822486137266	1.1146090359	0.929342353832	1.11125473099	0.918362581925	1.30280401107	1.10031112671	1.11104263707	1.18437416082	1.1563258844	1.10829827327	1.06842862411	1.11507674836	1.34159561507	1.12152241189	1.3913656835	1.23035663591	1.55135824981	1.54213667501	1.78064517082	1.26022164698	1.0695361821	0.782262038343	0.737635412702
0.675400056529	1.1813304098	1.34547038221	1.17330573979	1.10321546612	0.853012549593	0.718964452196	0.863783814738	1.21022665499	1.27882248986	1.48785567847	1.49348358982	1.08040278391	1.12128354148	0.699435719743	0.662204938259	0.675433489726	0.728484570205	1.2463757669	0.984913282458	0.948657841948	0.972709275858	1.15477104109	1.06316654544	1.13212784847	0.97571209259	0.594592124167	0.830747434366	0.739005026638	0.845489215671	0.831694701223	0.867115043326	1.17122506661	1.19051460981	0.968126340444	0.930748627115	1.043527623	1.05103440123	1.19780560123	1.20421967917	1.39253322466	1.3818653635	1.76711097583	1.37887051198	1.70315857537	1.61703557526	1.40661308462	1.13409698167	0.976721252696	0.626366915264
1.16610004273	1.034604639	1.78139639888	1.31621038397	1.24923464824	0.86979340589	1.08141159421	1.16808261372	1.15802384287	1.52283789906	1.53810997488	1.340487699	1.11238195513	1.18765035218	0.868497821167	0.818994006691	0.797530946768	0.870319163367	1.41975024817	1.06631567501	1.07843750123	0.942846998246	1.06316654544	1.15275169806	0.954208264053	0.798190593762	0.513235224272	0.701314010932	0.721453244072	0.688194200846	0.736663431088	0.870145695596	0.975176756529	0.984192690498	1.00689270979	0.88803004993	1.05905555074	1.1597790526	1.07610632552	1.23893756897	1.411867851	1.12423987432	1.18723136917	1.40815923046	1.54018791526	1.92836402957	1.28027867589	0.939829090464	0.777865927823	0.697955941661
0.872712010745	0.977678022449	1.21541630422	1.51216695964	1.15051828859	1.03707161316	1.11006247014	1.18625105282	1.20397786626	1.5904974034	1.79603176154	1.47716955305	1.34224206118	1.55253825437	0.943659888687	1.0346033036	0.875124277629	1.24204374049	1.66371744722	1.40817415448	1.27289834534	1.30448866397	1.13212784847	0.954208264053	1.18579724088	0.672110579811	0.445098799846	0.760490055283	0.64458677904	0.626575217133	0.77175753712	0.96845369595	0.897852887193	1.08431246757	0.881695694752	0.850204117303	0.764445678952	0.913799848465	0.956582972196	1.19011140333	1.12173005347	1.27250656863	1.07450498825	1.33801178741	1.27647522058	1.64257940687	1.09276907181	0.96638332678	1.00141995534	0.833820041644
0.673403052969	0.854441191032	1.12326552065	1.12409499396	1.48888818156	1.51646585288	1.60394360276	1.36651036101	1.3728920973	1.41159865962	1.54113686099	1.81565446828	1.59334767694	1.33336200446	1.4051180568	1.55587757053	1.58953903917	1.89704943211	3.2594166639	1.75373475443	1.90570175472	1.50113094151	0.97571209259	0.798190593762	0.672110579811	1.00436455174	0.966833111822	1.09978915101	1.0339069699	0.995169906748	0.958416133563	1.06257993857	0.887132971801	0.595351116261	0.591032764117	0.535020129455	0.580347421468	0.56759754005	0.654065468082	0.886738353981	0.652624633444	0.728815262043	0.901207121068	0.809526850174	0.77766459133	1.24339582568	1.05208460994	1.085104762	0.999020062571	1.10799626817
0.510724336801	0.509466064039	1.01123441063	0.914819581131	1.27402681621	1.81369391076	1.40447803357	1.64951836249	1.25387124152	1.01633487926	1.21899704807	1.21232873972	1.38634499583	1.18222243622	1.5671865508	1.96992757225	1.90138313872	1.96183649652	2.24492023741	1.38736990554	0.992658273936	0.822486137266	0.594592124167	0.513235224272	0.445098799846	0.966833111822	1.18484385432	0.946648849918	0.958575858148	0.992634368855	0.979420951818	0.873747239104	0.623026587631	0.416078535932	0.435883003625	0.333746599949	0.344365354444	0.332522694304	0.376982197837	0.342070386302	0.472538201346	0.440639582759	0.445272488075	0.544625600372	0.560820734856	0.883436625531	1.27161322028	1.47358580948	1.19709816069	1.36321728793
0.485534994005	0.890464983729	0.849722284571	1.34661133851	1.43133870212	1.421644905	1.75032693295	2.0162398504	1.5790913531	1.59851561661	1.68834007725	1.42971163559	1.78978312015	1.50269942035	1.57058303686	1.62054997147	1.81285612149	2.0958684007	2.09510494772	1.40597571274	1.30472599274	1.1146090359	0.830747434366	0.701314010932	0.760490055283	1.09978915101	0.946648849918	1.13784121268	0.964102537973	0.980856208161	0.901748667904	0.864898127814	0.739113134382	0.549121591019	0.482907445167	0.373006717986	0.411814453087	0.449777948063	0.473391395944	0.522257403705	0.693480532027	0.745475173071	0.592076428489	0.604949127333	1.02007618125	1.1519808642	1.44987857536	1.17860478341	0.979079748892	0.984171654621
0.609177555371	0.99090086875	1.61968011688	1.5855355996	1.65124898424	1.49123580735	1.60605360949	1.36613085219	1.5695496235	1.38858018447	1.50656307815	1.34625644922	1.63140308751	1.42070163607	1.67364063968	1.73609437936	1.66196063567	1.91330657958	1.88658575943	1.33629692989	1.12102938004	0.929342353832	0.739005026638	0.721453244072	0.64458677904	1.0339069699	0.958575858148	0.964102537973	1.12348347591	1.32328317013	0.928642375794	0.877081920898	0.747132420869	0.570923776817	0.391156373033	0.429704766051	0.420513183979	0.342116180727	0.543087006253	0.528519501968	0.408986286215	0.59160222457	0.667052833408	0.660412339628	0.723744808611	0.799846900351	1.35304631898	1.14491395538	1.05780867417	1.31327309083
0.459793244709	1.19292039677	1.52440055704	1.71868545422	1.8785023919	1.89901322819	1.72340223455	1.43950817041	1.50285168441	1.45819241742	1.83802426612	1.44248854225	1.33179776455	1.70545331633	1.4528488695	1.92345439903	1.78631984885	1.83420796899	1.79001409318	1.23736418863	1.07519155089	1.11125473099	0.845489215671	0.688194200846	0.626575217133	0.995169906748	0.992634368855	0.980856208161	1.32328317013	1.14376060965	0.829860640734	0.785246396634	0.639195536801	0.441864316282	0.432543579889	0.241422111083	0.339359171239	0.380538677186	0.401498232081	0.494748905066	0.477776132131	0.643165595593	0.564691333547	0.682391226091	0.733269340541	1.23341253274	1.2966947088	1.22296181926	1.10549757594	1.1141538845
1.00716377233	0.835348447332	1.1858127525	1.70614700441	1.93909560925	2.11405350361	1.98934080489	1.6482284508	1.89509744352	1.52890107123	1.4183929865	1.66359845211	1.57911538506	1.45934804287	1.77420177705	1.51195425143	1.69957278716	1.77527257718	1.78696550317	1.23989434777	1.22979233596	0.918362581925	0.831694701223	0.736663431088	0.77175753712	0.958416133563	0.979420951818	0.901748667904	0.928642375794	0.829860640734	1.16065036272	1.02513687653	0.721630657743	0.474851757691	0.364341611583	0.350048687063	0.469355594657	0.489077613255	0.499668173896	0.645093410527	0.670628501484	0.533850647974	0.635131004769	0.70170025442	0.850630313511	1.09348931804	1.53829696264	1.15518952376	1.18857907112	1.25177474741
1.10229299581	1.22647553645	1.94315095054	2.08627473025	2.16686968801	1.75460621567	1.68446556902	2.03138172195	1.86578970307	1.82012770811	2.12806436493	1.81402660119	1.72175523853	1.44686101927	1.38832982697	1.57985059169	1.33033693694	1.40598694253	1.49992518247	1.37889582015	1.43384751788	1.30280401107	0.867115043326	0.870145695596	0.96845369595	1.06257993857	0.873747239104	0.864898127814	0.877081920898	0.785246396634	1.02513687653	1.10204712952	0.738197721154	0.624851786632	0.500598004881	0.464342057277	0.505897731769	0.553575943225	0.646651544077	0.839486550874	0.759498216196	0.813322079366	0.73172296599	0.993457000536	1.25465269583	1.34727929354	1.8210973975	1.09381535702	1.13814957427	1.02127490385
1.58623201365	2.04570728652	2.92629034537	2.48340002991	2.24889331323	1.79007047032	1.37870258349	2.15453551171	1.59851447369	2.34460632978	1.90784489071	1.57170869815	1.85252845824	1.2652958274	1.21220833405	0.883172366973	1.07383602788	1.25929651083	1.58081334343	1.34908190159	1.2814323114	1.10031112671	1.17122506661	0.975176756529	0.897852887193	0.887132971801	0.623026587631	0.739113134382	0.747132420869	0.639195536801	0.721630657743	0.738197721154	1.12243606396	0.811803970852	0.652721852209	0.60581005969	0.604834621312	0.756349347873	0.840687301133	1.0507372081	1.06848908644	1.09727992358	1.01043819604	1.12363512584	1.75844104984	1.99844214065	2.04720724243	1.17136488287	1.0917288642	0.991947912678
2.31695048507	2.31299916635	3.27615215559	2.3629475958	2.35775185965	0.964742211589	1.53139369243	1.50091314664	1.59362006762	1.85664228186	1.80478453447	1.53858188114	1.62173485048	1.52333690773	0.753919386204	0.791351175815	0.897800991643	0.826379064236	0.98213115388	0.966778271208	1.22852587696	1.11104263707	1.19051460981	0.984192690498	1.08431246757	0.595351116261	0.416078535932	0.549121591019	0.570923776817	0.441864316282	0.474851757691	0.624851786632	0.811803970852	1.1171580389	0.777181085807	0.755847807773	0.775045528966	0.863432077744	1.15055433527	1.20437683482	1.31002818737	1.32498563768	1.37010030116	1.72053855835	2.05068921749	2.37893526696	1.83666366647	0.887766918946	0.991899500345	0.812007875706
2.20744510561	2.95387634348	3.54339546842	2.21935657649	1.69851518192	0.765459344799	1.09519664502	1.0456938668	1.11253804009	1.36277474987	1.554883109	1.51370872335	1.1644470478	0.796637797768	0.690537442927	0.559565256125	0.73098632136	0.73092940597	0.749938023585	0.865613322056	1.13145750164	1.18437416082	0.968126340444	1.00689270979	0.881695694752	0.591032764117	0.435883003625	0.482907445167	0.391156373033	0.432543579889	0.364341611583	0.500598004881	0.652721852209	0.777181085807	1.12084724033	1.0409200788	0.931471516726	1.10323979346	1.48516198811	1.42243890573	1.37163504975	1.53002023452	1.66983597998	1.77663745923	2.16716528515	2.39780737814	1.69676011325	0.78912421559	0.746540082148	0.634771842002
2.48292309153	2.96054559943	2.67565693371	2.16204051023	1.70829412004	1.03204000147	1.08253706905	1.35984857008	1.26743383654	1.19137583197	1.37321504004	1.12272375988	0.944208059069	1.04615146428	0.534863380073	0.563150403943	0.457922736955	0.660993553979	0.887045826402	1.08418424129	0.944420578415	1.1563258844	0.930748627115	0.88803004993	0.850204117303	0.535020129455	0.333746599949	0.373006717986	0.429704766051	0.241422111083	0.350048687063	0.464342057277	0.60581005969	0.755847807773	1.0409200788	1.19827973419	1.13139723114	1.09092990206	1.15522242897	1.2123898246	1.10735687358	1.28227545806	1.41884032184	1.52143395266	1.69069800042	1.71511489391	1.03193927282	0.549779000177	0.558484601613	0.496685225987
3.04932178626	3.17257014555	2.75874362826	2.1979389589	1.27374220804	0.826108455919	1.21934091855	1.18345126533	0.980600201061	1.38516442722	1.63608083946	1.33757748553	0.955133609247	1.08156312204	0.56597905343	0.518470069283	0.595884835373	0.47293710966	0.697131612572	0.861666740607	0.921782912141	1.10829827327	1.043527623	1.05905555074	0.764445678952	0.580347421468	0.344365354444	0.411814453087	0.420513183979	0.339359171239	0.469355594657	0.505897731769	0.604834621312	0.775045528966	0.931471516726	1.13139723114	1.20806057277	1.12773830253	1.07139618824	1.02369375329	1.08621039301	1.14383097781	1.32599526135	1.47329526051	1.53452118866	1.38259588065	0.847937104868	0.485013321606	0.386169261649	0.428723563569
3.01420321845	2.74078433015	2.68162390326	2.09517839382	1.20419662432	0.939198161983	0.918431162122	1.3122229295	0.912512375193	1.40803445109	1.62713899926	0.951013564839	0.939481841445	1.24552988376	0.524501411715	0.428350561804	0.582029513139	0.640042664102	0.856327325525	1.00809702234	1.00662613084	1.06842862411	1.05103440123	1.1597790526	0.913799848465	0.56759754005	0.332522694304	0.449777948063	0.342116180727	0.380538677186	0.489077613255	0.553575943225	0.756349347873	0.863432077744	1.10323979346	1.09092990206	1.12773830253	1.18266751324	1.0508081053	0.919573941218	0.919598267742	0.94141731903	1.12117659105	1.19268949859	1.24991738925	1.25907242149	0.748920017651	0.456965808374	0.435287878573	0.357273745559
2.79939027346	2.69777965818	2.59129403394	1.81430340451	1.55417068461	0.821169578336	0.877596438858	1.04679998428	1.38036134578	1.60056900208	1.57798354722	0.930282941891	1.49891674225	0.751274137085	0.865449538762	0.407457654752	0.543195581435	0.668305080608	0.927489363863	0.879916070459	1.07276282353	1.11507674836	1.19780560123	1.07610632552	0.956582972196	0.654065468082	0.376982197837	0.473391395944	0.543087006253	0.401498232081	0.499668173896	0.646651544077	0.840687301133	1.15055433527	1.48516198811	1.15522242897	1.07139618824	1.0508081053	1.19001544182	0.973139885002	0.900334058317	0.91259500218	1.07337502054	1.07342947417	1.2713524171	1.1131065399	0.851133965315	0.481811253064	0.510131828015	0.439803001336
2.73928465897	3.06521073462	2.76919624073	2.27239983945	1.67741772691	0.802708113116	0.803473129864	1.19733075579	1.27994549656	1.34580253533	1.6393406781	1.16401734766	1.01197003965	1.21444977172	0.669111542692	0.466582615899	0.765087036264	0.71469922159	0.854338846554	1.05345313847	1.28653935891	1.34159561507	1.20421967917	1.23893756897	1.19011140333	0.886738353981	0.342070386302	0.522257403705	0.528519501968	0.494748905066	0.645093410527	0.839486550874	1.0507372081	1.20437683482	1.42243890573	1.2123898246	1.02369375329	0.919573941218	0.973139885002	1.14001212581	0.900307038244	0.871993234058	0.961033607622	1.1773771292	1.4407899713	1.18970605486	1.02350045566	0.461101551877	0.382888360353	0.401793584763
2.89302707461	3.0757246814	2.61401640594	1.82286378285	1.2067864683	0.876462228427	0.708441520826	1.27224501154	0.971300870857	1.35715677594	1.23893300743	1.01961722889	1.73112895656	0.796481447225	0.572106178589	0.671166491534	0.739417170052	0.865515546592	0.89382420498	1.15801982314	1.23142342951	1.12152241189	1.39253322466	1.411867851	1.12173005347	0.652624633444	0.472538201346	0.693480532027	0.408986286215	0.477776132131	0.670628501484	0.759498216196	1.06848908644	1.31002818737	1.37163504975	1.10735687358	1.08621039301	0.919598267742	0.900334058317	0.900307038244	1.16353485927	1.03386310698	1.03951417774	1.03525338369	1.25094395457	1.15657184073	0.934283944886	0.475316449916	0.441627378045	0.34582260443
2.3342508378	2.74612503575	2.5249068999	2.38972028047	1.75084955415	0.857112661211	1.25395034267	1.33453218302	1.02765262467	1.64675164668	1.44159416442	1.36231611297	1.47986157876	0.891513123948	0.731054368441	0.484670711518	0.612918026925	0.700710384204	0.819748733067	0.872963876084	1.2054371929	1.3913656835	1.3818653635	1.12423987432	1.27250656863	0.728815262043	0.440639582759	0.745475173071	0.59160222457	0.643165595593	0.533850647974	0.813322079366	1.09727992358	1.32498563768	1.53002023452	1.28227545806	1.14383097781	0.94141731903	0.91259500218	0.871993234058	1.03386310698	1.11826613785	1.00648049749	1.06908314871	1.02753793374	0.961068683228	0.852218443558	0.453055154549	0.354943930061	0.331438005794
2.90264316466	2.75674393587	3.11922117064	2.33259235688	1.17424899255	1.10583880136	1.04414850156	0.916107284913	1.36304334497	1.3956843175	1.73473094042	1.44759541255	1.03359910554	0.959661296228	0.719645615233	0.496707484308	0.647195369394	0.693288521785	1.082699138	1.18952830845	1.25842739321	1.23035663591	1.76711097583	1.18723136917	1.07450498825	0.901207121068	0.445272488075	0.592076428489	0.667052833408	0.564691333547	0.635131004769	0.73172296599	1.01043819604	1.37010030116	1.66983597998	1.41884032184	1.32599526135	1.12117659105	1.07337502054	0.961033607622	1.03951417774	1.00648049749	1.19594805779	1.13033254573	0.893757874274	0.726089940237	0.682898100269	0.375495506527	0.278219269892	0.266081194676
3.03787527104	3.38516472717	3.1758148226	2.45776975779	1.62224196603	0.807902956232	0.895235596491	1.04649226	0.758121212852	1.67858450998	1.47825705385	1.67659400846	1.5186126902	1.30108361945	0.740884424378	0.665879311656	0.699835608333	0.73423660515	0.922919861257	1.39563241895	1.31084818214	1.55135824981	1.37887051198	1.40815923046	1.33801178741	0.809526850174	0.544625600372	0.604949127333	0.660412339628	0.682391226091	0.70170025442	0.993457000536	1.12363512584	1.72053855835	1.77663745923	1.52143395266	1.47329526051	1.19268949859	1.07342947417	1.1773771292	1.03525338369	1.06908314871	1.13033254573	1.14906080154	0.941516224699	0.705953221797	0.653344620634	0.30995895954	0.366479081771	0.307193837133
2.78598856519	2.67691649538	2.51707689338	2.53907847921	1.89313767914	1.25779201664	1.26217085076	1.43316736803	1.51480032688	2.08201328592	2.01040131696	1.72927134532	1.89283790649	1.6616536253	0.781356055772	0.803718138038	0.847459243979	0.636708921887	1.12808314768	1.67160271266	1.61085535601	1.54213667501	1.70315857537	1.54018791526	1.27647522058	0.77766459133	0.560820734856	1.02007618125	0.723744808611	0.733269340541	0.850630313511	1.25465269583	1.75844104984	2.05068921749	2.16716528515	1.69069800042	1.53452118866	1.24991738925	1.2713524171	1.4407899713	1.25094395457	1.02753793374	0.893757874274	0.941516224699	1.13864541968	0.812778090172	0.687135725487	0.365567554951	0.403234853662	0.321260745277
1.48886634986	2.34892872074	2.36757718963	2.31408876159	1.60643278355	1.35427865477	1.7670716612	1.20635091957	1.65893747505	2.13070254031	1.65013130512	1.82193835334	1.692167392	1.6866819577	1.41557535695	1.35308071469	1.31029030844	1.21237527249	1.55588992495	1.78840580503	1.77029128203	1.78064517082	1.61703557526	1.92836402957	1.64257940687	1.24339582568	0.883436625531	1.1519808642	0.799846900351	1.23341253274	1.09348931804	1.34727929354	1.99844214065	2.37893526696	2.39780737814	1.71511489391	1.38259588065	1.25907242149	1.1131065399	1.18970605486	1.15657184073	0.961068683228	0.726089940237	0.705953221797	0.812778090172	1.05237252477	0.79209138197	0.394768777764	0.438721226662	0.422034716835
0.869458272917	1.17987313757	1.38554986165	1.99864355933	1.97398866622	2.03042024836	1.90977880361	2.18684107289	2.14041772101	1.83345459743	1.63843017485	1.29656134944	1.73037006239	1.8167607931	1.52488644562	1.74958302642	1.9820993109	1.37055325742	1.72510972854	1.63164658913	1.44743223767	1.26022164698	1.40661308462	1.28027867589	1.09276907181	1.05208460994	1.27161322028	1.44987857536	1.35304631898	1.2966947088	1.53829696264	1.8210973975	2.04720724243	1.83666366647	1.69676011325	1.03193927282	0.847937104868	0.748920017651	0.851133965315	1.02350045566	0.934283944886	0.852218443558	0.682898100269	0.653344620634	0.687135725487	0.79209138197	0.95559938574	0.710089707976	0.738397903072	0.87854141119
0.543233081247	0.58163602238	1.04580345413	1.16959166273	1.34293792285	1.46188676513	1.62980497838	1.5008269591	1.37304705186	0.945576875049	1.63013694241	1.1387964376	1.47510193068	1.57387413612	1.9839789686	1.32825407506	1.59188537806	1.86613781611	1.15408986789	1.08161164608	0.7930923151	1.0695361821	1.13409698167	0.939829090464	0.96638332678	1.085104762	1.47358580948	1.17860478341	1.14491395538	1.22296181926	1.15518952376	1.09381535702	1.17136488287	0.887766918946	0.78912421559	0.549779000177	0.485013321606	0.456965808374	0.481811253064	0.461101551877	0.475316449916	0.453055154549	0.375495506527	0.30995895954	0.365567554951	0.394768777764	0.710089707976	0.952448329594	0.959993166971	1.42828684659
0.767571026038	0.62598746838	0.744977742235	1.06030566695	1.47102723294	1.13661099606	1.73049991995	1.3064532841	1.32029674189	1.36892424424	1.19731330437	1.09045949414	1.18667589053	1.37591141538	1.24904007373	1.55325355467	1.2028661497	1.43572621135	1.20078309981	1.20796978968	0.814001778357	0.782262038343	0.976721252696	0.777865927823	1.00141995534	0.999020062571	1.19709816069	0.979079748892	1.05780867417	1.10549757594	1.18857907112	1.13814957427	1.0917288642	0.991899500345	0.746540082148	0.558484601613	0.386169261649	0.435287878573	0.510131828015	0.382888360353	0.441627378045	0.354943930061	0.278219269892	0.366479081771	0.403234853662	0.438721226662	0.738397903072	0.959993166971	1.03466406672	1.36014063121
0.542232487648	0.524355607188	0.736966851034	1.12712652429	1.36405968502	1.92691447407	2.08444342652	1.40419340956	1.38172844574	1.09736242827	1.28464980134	1.32766783087	1.44817290196	1.1987005855	1.16733829939	1.53849773365	1.43618518578	1.22813812508	1.40236826096	1.00945299764	0.923138504268	0.737635412702	0.626366915264	0.697955941661	0.833820041644	1.10799626817	1.36321728793	0.984171654621	1.31327309083	1.1141538845	1.25177474741	1.02127490385	0.991947912678	0.812007875706	0.634771842002	0.496685225987	0.428723563569	0.357273745559	0.439803001336	0.401793584763	0.34582260443	0.331438005794	0.266081194676	0.307193837133	0.321260745277	0.422034716835	0.87854141119	1.42828684659	1.36014063121	1.04877494138
